## htsjdk.samtools.metrics.StringHeader
# MarkDuplicates INPUT=[1F_amp/1F_amp.bam.sorted.RGadded.bam] OUTPUT=1F_amp/1F_amp.bam.sorted.RGadded.marked.bam METRICS_FILE=metrics VALIDATION_STRINGENCY=LENIENT CREATE_INDEX=true    MAX_SEQUENCES_FOR_DISK_READ_ENDS_MAP=50000 MAX_FILE_HANDLES_FOR_READ_ENDS_MAP=8000 SORTING_COLLECTION_SIZE_RATIO=0.25 TAG_DUPLICATE_SET_MEMBERS=false REMOVE_SEQUENCING_DUPLICATES=false TAGGING_POLICY=DontTag CLEAR_DT=true DUPLEX_UMI=false ADD_PG_TAG_TO_READS=true REMOVE_DUPLICATES=false ASSUME_SORTED=false DUPLICATE_SCORING_STRATEGY=SUM_OF_BASE_QUALITIES PROGRAM_RECORD_ID=MarkDuplicates PROGRAM_GROUP_NAME=MarkDuplicates READ_NAME_REGEX=<optimized capture of last three ':' separated fields as numeric values> OPTICAL_DUPLICATE_PIXEL_DISTANCE=100 MAX_OPTICAL_DUPLICATE_SET_SIZE=300000 VERBOSITY=INFO QUIET=false COMPRESSION_LEVEL=5 MAX_RECORDS_IN_RAM=500000 CREATE_MD5_FILE=false GA4GH_CLIENT_SECRETS=client_secrets.json USE_JDK_DEFLATER=false USE_JDK_INFLATER=false
## htsjdk.samtools.metrics.StringHeader
# Started on: Mon Jun 27 17:00:52 KST 2022

## METRICS CLASS	picard.sam.DuplicationMetrics
LIBRARY	UNPAIRED_READS_EXAMINED	READ_PAIRS_EXAMINED	SECONDARY_OR_SUPPLEMENTARY_RDS	UNMAPPED_READS	UNPAIRED_READ_DUPLICATES	READ_PAIR_DUPLICATES	READ_PAIR_OPTICAL_DUPLICATES	PERCENT_DUPLICATION	ESTIMATED_LIBRARY_SIZE
spikeIn	469316	63939583	17270	1065796	465467	63888951	1411974	0.999181	50632

## HISTOGRAM	java.lang.Double
BIN	CoverageMult	all_sets	optical_sets	non_optical_sets
1.0	1	39992	0	39993
2.0	1	3551	244	3550
3.0	1	1236	85	1236
4.0	1	640	36	640
5.0	1	429	30	429
6.0	1	291	23	291
7.0	1	218	23	218
8.0	1	184	9	184
9.0	1	165	12	166
10.0	1	124	11	123
11.0	1	83	8	83
12.0	1	88	4	88
13.0	1	76	6	76
14.0	1	66	10	66
15.0	1	54	7	54
16.0	1	53	2	53
17.0	1	55	1	55
18.0	1	39	5	39
19.0	1	52	3	52
20.0	1	50	4	51
21.0	1	39	4	39
22.0	1	27	7	26
23.0	1	24	1	25
24.0	1	25	2	25
25.0	1	23	3	22
26.0	1	20	2	20
27.0	1	29	2	29
28.0	1	33	3	33
29.0	1	20	1	20
30.0	1	17	4	17
31.0	1	23	4	23
32.0	1	22	2	22
33.0	1	19	1	19
34.0	1	20	3	20
35.0	1	10	2	10
36.0	1	13	2	13
37.0	1	10	0	10
38.0	1	15	2	15
39.0	1	12	1	12
40.0	1	13	1	13
41.0	1	13	1	13
42.0	1	21	1	21
43.0	1	16	0	16
44.0	1	14	2	14
45.0	1	15	0	15
46.0	1	7	0	7
47.0	1	8	3	8
48.0	1	14	2	14
49.0	1	11	0	11
50.0	1	10	3	10
51.0	1	11	1	11
52.0	1	13	1	13
53.0	1	5	2	5
54.0	1	10	2	10
55.0	1	10	1	11
56.0	1	8	0	7
57.0	1	8	0	8
58.0	1	8	2	10
59.0	1	14	0	13
60.0	1	11	0	10
61.0	1	7	1	7
62.0	1	6	0	6
63.0	1	12	0	12
64.0	1	9	0	9
65.0	1	8	1	8
66.0	1	5	1	5
67.0	1	7	1	7
68.0	1	9	0	9
69.0	1	7	2	7
70.0	1	10	0	10
71.0	1	4	0	5
72.0	1	7	0	6
73.0	1	10	0	10
74.0	1	10	0	10
75.0	1	5	0	5
76.0	1	8	1	8
77.0	1	9	0	10
78.0	1	8	1	7
79.0	1	10	0	10
80.0	1	10	0	10
81.0	1	10	0	10
82.0	1	8	3	8
83.0	1	2	0	2
84.0	1	9	0	9
85.0	1	4	0	4
86.0	1	4	2	4
87.0	1	8	0	8
88.0	1	6	1	6
89.0	1	7	1	7
90.0	1	6	0	6
91.0	1	11	1	11
92.0	1	3	0	3
93.0	1	3	0	3
94.0	1	2	0	2
95.0	1	3	1	3
96.0	1	6	0	6
97.0	1	2	0	2
98.0	1	3	0	4
99.0	1	5	1	5
100.0	1	4	0	3
101.0	0	9	1	9
102.0	0	4	2	4
103.0	0	1	0	1
104.0	0	1	0	1
105.0	0	3	0	3
106.0	0	4	0	4
107.0	0	2	0	2
108.0	0	2	0	2
109.0	0	6	1	6
110.0	0	3	0	3
111.0	0	4	0	4
112.0	0	5	1	5
113.0	0	3	2	3
114.0	0	2	0	2
115.0	0	5	0	5
116.0	0	1	1	1
117.0	0	3	1	3
118.0	0	3	0	3
119.0	0	3	0	3
120.0	0	2	1	3
121.0	0	3	0	2
122.0	0	5	0	5
123.0	0	3	1	3
124.0	0	6	0	7
125.0	0	3	0	2
126.0	0	4	0	4
128.0	0	1	0	1
129.0	0	2	1	2
130.0	0	6	0	6
131.0	0	4	2	5
132.0	0	6	0	5
133.0	0	3	1	3
134.0	0	1	0	1
135.0	0	7	0	7
136.0	0	0	1	0
137.0	0	3	0	3
138.0	0	4	0	4
139.0	0	4	1	4
140.0	0	5	0	5
141.0	0	3	1	3
142.0	0	4	0	4
143.0	0	6	0	6
144.0	0	2	0	2
145.0	0	4	0	4
146.0	0	3	0	3
147.0	0	4	0	4
148.0	0	4	0	4
149.0	0	2	0	2
151.0	0	2	0	2
152.0	0	3	0	3
153.0	0	2	0	3
154.0	0	3	0	2
155.0	0	6	1	6
156.0	0	7	0	7
157.0	0	3	0	3
158.0	0	5	0	6
159.0	0	3	0	2
160.0	0	2	0	2
161.0	0	7	0	7
162.0	0	1	0	1
163.0	0	1	0	1
164.0	0	3	0	3
165.0	0	3	1	3
166.0	0	1	0	1
167.0	0	3	0	4
168.0	0	5	0	4
169.0	0	2	3	2
170.0	0	4	2	4
171.0	0	3	1	3
172.0	0	1	1	1
173.0	0	1	0	1
175.0	0	4	0	4
176.0	0	2	0	2
177.0	0	3	0	3
178.0	0	3	0	3
179.0	0	1	0	1
180.0	0	4	0	4
181.0	0	4	0	4
182.0	0	1	0	1
183.0	0	3	1	3
184.0	0	2	0	2
185.0	0	3	2	3
186.0	0	1	0	1
187.0	0	4	0	4
188.0	0	2	1	2
189.0	0	3	0	3
190.0	0	2	1	2
191.0	0	4	0	4
193.0	0	2	0	2
194.0	0	1	0	1
195.0	0	5	0	5
196.0	0	6	0	6
197.0	0	2	0	2
198.0	0	2	0	2
199.0	0	7	1	7
200.0	0	2	0	2
201.0	0	1	0	1
202.0	0	5	0	5
203.0	0	6	1	6
204.0	0	5	0	6
205.0	0	3	1	3
206.0	0	3	0	2
207.0	0	3	0	3
208.0	0	5	0	5
209.0	0	0	1	0
211.0	0	5	0	5
212.0	0	2	0	2
213.0	0	2	1	2
214.0	0	1	0	1
215.0	0	3	0	3
216.0	0	2	0	2
217.0	0	7	0	8
218.0	0	2	1	1
219.0	0	6	0	6
220.0	0	1	0	1
221.0	0	1	0	1
222.0	0	4	0	4
223.0	0	2	0	2
224.0	0	2	1	2
225.0	0	3	0	3
226.0	0	1	0	1
227.0	0	5	1	5
228.0	0	2	1	2
229.0	0	7	0	8
230.0	0	4	0	4
231.0	0	4	1	3
232.0	0	3	0	3
233.0	0	2	0	2
234.0	0	3	0	3
235.0	0	4	2	4
236.0	0	2	0	2
237.0	0	3	0	3
238.0	0	4	0	4
239.0	0	2	1	2
241.0	0	6	0	6
242.0	0	2	0	2
243.0	0	2	1	2
244.0	0	1	0	3
245.0	0	5	0	3
246.0	0	3	0	3
247.0	0	3	0	3
248.0	0	1	0	1
249.0	0	5	0	5
250.0	0	1	0	1
251.0	0	5	1	5
252.0	0	1	0	1
253.0	0	4	0	4
254.0	0	4	0	4
255.0	0	2	0	2
256.0	0	3	0	4
257.0	0	8	0	7
258.0	0	3	1	3
259.0	0	1	1	1
260.0	0	4	0	5
261.0	0	2	0	2
262.0	0	5	1	5
263.0	0	1	0	1
264.0	0	3	1	2
265.0	0	2	1	2
266.0	0	4	0	4
267.0	0	1	0	1
268.0	0	5	0	5
269.0	0	2	0	3
270.0	0	6	0	5
271.0	0	1	0	1
272.0	0	2	0	2
274.0	0	3	0	3
275.0	0	1	0	1
276.0	0	4	0	4
277.0	0	4	0	4
278.0	0	2	0	2
279.0	0	2	0	2
280.0	0	2	0	2
281.0	0	3	0	3
282.0	0	2	0	2
283.0	0	3	0	3
284.0	0	4	0	4
285.0	0	2	1	2
286.0	0	2	1	2
287.0	0	5	0	6
288.0	0	2	0	1
289.0	0	2	0	2
290.0	0	2	0	3
291.0	0	2	0	1
292.0	0	2	0	4
293.0	0	2	0	0
294.0	0	4	0	4
295.0	0	3	0	4
296.0	0	3	0	2
297.0	0	2	1	2
298.0	0	4	0	5
299.0	0	4	1	3
300.0	0	4	0	4
301.0	0	1	1	1
302.0	0	2	0	2
303.0	0	1	0	1
304.0	0	3	0	3
305.0	0	0	0	1
306.0	0	4	0	3
307.0	0	1	0	1
308.0	0	3	0	3
309.0	0	3	0	3
310.0	0	5	0	5
311.0	0	4	1	5
312.0	0	2	0	2
313.0	0	1	1	1
314.0	0	5	0	4
315.0	0	1	0	1
316.0	0	1	1	1
318.0	0	2	0	3
319.0	0	2	0	1
320.0	0	1	0	1
321.0	0	1	0	2
322.0	0	2	0	2
323.0	0	3	0	2
324.0	0	1	0	1
325.0	0	2	0	3
326.0	0	3	0	2
327.0	0	2	0	2
328.0	0	1	2	2
329.0	0	3	0	2
330.0	0	4	0	4
331.0	0	3	0	3
332.0	0	3	0	3
333.0	0	2	0	2
335.0	0	3	0	3
336.0	0	2	0	2
337.0	0	4	0	4
338.0	0	2	0	2
340.0	0	2	0	2
341.0	0	1	1	1
343.0	0	1	0	1
344.0	0	5	0	6
345.0	0	6	0	5
346.0	0	3	0	3
347.0	0	1	0	1
349.0	0	1	0	1
350.0	0	3	0	4
351.0	0	1	1	0
352.0	0	2	0	2
353.0	0	2	0	2
354.0	0	1	0	1
356.0	0	4	0	4
357.0	0	3	0	3
358.0	0	4	1	5
359.0	0	2	0	1
360.0	0	2	1	2
361.0	0	4	0	4
362.0	0	1	0	1
363.0	0	3	0	3
364.0	0	2	0	2
366.0	0	1	1	1
367.0	0	1	0	1
368.0	0	0	1	0
369.0	0	1	1	1
370.0	0	4	0	4
372.0	0	1	0	1
373.0	0	4	0	4
374.0	0	3	1	3
375.0	0	2	0	2
376.0	0	3	0	3
377.0	0	2	0	2
378.0	0	1	0	2
379.0	0	2	0	1
381.0	0	2	1	2
382.0	0	1	0	1
383.0	0	1	0	1
384.0	0	1	0	1
385.0	0	3	0	3
386.0	0	2	0	2
387.0	0	2	0	2
388.0	0	2	0	3
389.0	0	2	0	1
390.0	0	0	0	1
391.0	0	4	0	3
392.0	0	2	0	2
393.0	0	2	0	2
394.0	0	1	0	1
395.0	0	2	0	2
396.0	0	3	0	3
397.0	0	4	0	4
398.0	0	5	0	5
402.0	0	2	0	2
403.0	0	3	0	3
404.0	0	4	0	4
405.0	0	1	0	1
407.0	0	1	0	1
408.0	0	1	0	2
409.0	0	3	0	2
410.0	0	2	1	3
411.0	0	3	0	2
413.0	0	1	0	1
414.0	0	2	0	2
415.0	0	2	0	2
416.0	0	2	0	2
417.0	0	3	0	3
418.0	0	2	0	2
419.0	0	2	0	2
420.0	0	1	1	2
421.0	0	4	1	3
422.0	0	4	1	5
423.0	0	3	0	2
424.0	0	0	1	2
425.0	0	4	0	3
426.0	0	2	0	2
427.0	0	5	0	4
428.0	0	1	0	1
429.0	0	1	0	1
431.0	0	2	1	3
432.0	0	2	0	1
433.0	0	2	0	3
434.0	0	2	0	1
435.0	0	1	0	1
436.0	0	2	0	3
437.0	0	2	0	1
438.0	0	0	0	1
439.0	0	2	1	1
440.0	0	1	0	1
441.0	0	5	0	5
442.0	0	1	0	1
443.0	0	3	0	3
444.0	0	1	0	2
445.0	0	1	0	0
446.0	0	1	0	1
447.0	0	1	0	1
448.0	0	2	0	2
449.0	0	3	0	3
450.0	0	1	0	1
451.0	0	1	1	1
452.0	0	1	1	1
453.0	0	2	0	2
454.0	0	3	0	3
455.0	0	3	0	4
456.0	0	2	0	1
457.0	0	0	0	1
458.0	0	1	0	0
459.0	0	2	0	2
461.0	0	0	1	1
462.0	0	2	0	1
464.0	0	0	0	1
465.0	0	2	0	1
466.0	0	2	0	2
467.0	0	1	0	1
468.0	0	2	0	2
470.0	0	1	0	1
471.0	0	1	0	1
472.0	0	2	0	3
473.0	0	2	0	1
474.0	0	1	0	2
475.0	0	2	0	1
476.0	0	2	1	2
477.0	0	3	0	4
478.0	0	1	1	0
481.0	0	3	0	3
484.0	0	2	0	4
485.0	0	2	0	0
486.0	0	2	0	3
487.0	0	1	0	0
488.0	0	1	0	1
490.0	0	1	1	1
491.0	0	1	0	1
493.0	0	2	0	3
494.0	0	3	0	2
495.0	0	2	0	2
498.0	0	1	1	1
501.0	0	1	0	1
503.0	0	1	0	1
504.0	0	1	0	1
506.0	0	4	0	4
508.0	0	1	0	2
509.0	0	1	0	0
510.0	0	1	0	1
511.0	0	1	0	1
513.0	0	1	0	1
515.0	0	0	1	0
517.0	0	1	0	1
520.0	0	1	0	1
522.0	0	1	0	2
523.0	0	1	0	0
524.0	0	0	1	1
525.0	0	3	0	2
526.0	0	2	0	2
527.0	0	4	0	4
529.0	0	0	1	0
530.0	0	1	0	1
531.0	0	2	0	2
532.0	0	0	0	1
533.0	0	1	0	1
534.0	0	4	0	3
535.0	0	1	0	1
536.0	0	1	0	2
537.0	0	1	0	0
541.0	0	1	1	1
542.0	0	2	0	2
543.0	0	2	0	2
544.0	0	3	0	3
545.0	0	1	0	3
546.0	0	2	0	0
547.0	0	1	0	1
548.0	0	2	0	2
549.0	0	1	1	1
550.0	0	0	1	1
551.0	0	2	0	2
552.0	0	3	0	2
553.0	0	1	0	2
554.0	0	1	0	0
555.0	0	0	0	1
556.0	0	2	0	1
557.0	0	0	1	0
558.0	0	1	0	1
559.0	0	1	0	2
560.0	0	1	0	0
561.0	0	0	0	1
562.0	0	1	0	0
563.0	0	3	0	3
566.0	0	3	0	3
568.0	0	1	0	1
569.0	0	1	0	1
570.0	0	2	0	2
571.0	0	1	0	1
572.0	0	2	0	2
573.0	0	1	0	1
574.0	0	1	0	1
577.0	0	1	0	1
578.0	0	1	0	1
580.0	0	1	0	1
582.0	0	1	1	1
585.0	0	0	0	1
586.0	0	2	0	1
589.0	0	1	0	1
590.0	0	1	0	1
591.0	0	2	0	2
593.0	0	1	0	1
594.0	0	1	0	1
596.0	0	1	1	1
598.0	0	1	0	1
600.0	0	1	0	1
601.0	0	1	0	1
602.0	0	0	0	1
603.0	0	1	0	0
604.0	0	1	0	1
606.0	0	1	0	1
607.0	0	0	0	1
608.0	0	2	0	1
609.0	0	1	1	2
610.0	0	1	0	0
611.0	0	1	0	1
612.0	0	1	0	2
613.0	0	1	0	0
614.0	0	1	0	1
617.0	0	5	0	5
618.0	0	3	0	3
619.0	0	3	0	3
620.0	0	1	0	2
621.0	0	1	0	0
622.0	0	0	0	1
623.0	0	2	0	2
624.0	0	1	0	0
627.0	0	0	0	1
628.0	0	1	0	0
630.0	0	4	0	4
634.0	0	0	0	1
635.0	0	2	0	1
640.0	0	1	0	1
644.0	0	0	1	0
646.0	0	2	0	2
648.0	0	1	1	1
649.0	0	1	0	1
650.0	0	1	0	1
651.0	0	1	0	1
652.0	0	0	0	1
653.0	0	1	0	0
656.0	0	1	0	1
657.0	0	1	0	1
658.0	0	1	0	1
659.0	0	1	0	1
660.0	0	0	1	0
661.0	0	2	0	2
663.0	0	1	0	1
664.0	0	0	1	0
667.0	0	1	0	1
668.0	0	1	0	2
669.0	0	3	0	2
671.0	0	2	0	3
672.0	0	2	0	1
673.0	0	1	0	1
676.0	0	1	0	1
677.0	0	1	0	2
678.0	0	1	0	0
679.0	0	0	0	1
680.0	0	1	0	0
682.0	0	1	0	1
683.0	0	1	1	1
684.0	0	0	1	0
688.0	0	0	1	0
690.0	0	1	0	1
693.0	0	1	0	1
695.0	0	1	0	1
699.0	0	1	0	1
702.0	0	1	0	2
703.0	0	2	1	1
704.0	0	1	0	1
705.0	0	0	0	1
706.0	0	1	0	0
707.0	0	1	0	1
708.0	0	1	0	1
710.0	0	1	0	1
711.0	0	3	0	4
712.0	0	1	0	0
713.0	0	0	0	1
714.0	0	1	0	1
715.0	0	0	0	1
716.0	0	1	0	0
717.0	0	1	0	0
718.0	0	1	0	1
720.0	0	1	0	1
722.0	0	1	0	1
723.0	0	1	1	1
724.0	0	1	0	1
725.0	0	1	0	1
726.0	0	1	0	1
728.0	0	2	0	2
729.0	0	1	1	2
730.0	0	1	0	0
731.0	0	0	0	1
732.0	0	1	0	0
733.0	0	0	1	0
734.0	0	1	0	1
735.0	0	1	1	1
736.0	0	1	0	1
740.0	0	1	0	1
741.0	0	0	0	1
742.0	0	3	0	2
743.0	0	1	0	1
745.0	0	1	0	1
747.0	0	0	1	0
748.0	0	1	0	1
752.0	0	0	0	1
753.0	0	3	0	2
756.0	0	0	0	1
757.0	0	1	0	0
758.0	0	1	0	1
759.0	0	1	0	2
760.0	0	2	0	2
761.0	0	1	0	0
762.0	0	0	0	1
763.0	0	1	0	2
764.0	0	2	0	0
767.0	0	1	0	2
768.0	0	1	0	0
769.0	0	1	0	1
771.0	0	0	0	1
772.0	0	2	0	2
773.0	0	1	0	0
776.0	0	2	0	2
779.0	0	1	0	1
784.0	0	0	0	1
785.0	0	2	0	2
787.0	0	2	0	1
790.0	0	2	0	2
791.0	0	1	0	1
795.0	0	1	0	1
796.0	0	2	0	2
799.0	0	1	0	1
800.0	0	0	0	1
801.0	0	1	0	0
802.0	0	1	0	1
803.0	0	1	1	1
804.0	0	0	1	1
805.0	0	3	0	2
806.0	0	1	0	1
807.0	0	1	0	1
808.0	0	0	0	1
809.0	0	1	0	0
810.0	0	1	1	1
811.0	0	0	0	1
812.0	0	0	0	2
813.0	0	2	0	0
814.0	0	1	0	0
817.0	0	0	0	1
818.0	0	1	0	1
819.0	0	1	0	0
820.0	0	0	1	0
821.0	0	0	0	1
822.0	0	2	0	1
823.0	0	1	0	1
825.0	0	0	1	0
826.0	0	0	0	1
829.0	0	1	0	0
830.0	0	0	1	0
831.0	0	0	0	1
832.0	0	1	0	0
834.0	0	1	0	1
836.0	0	1	0	1
838.0	0	0	0	1
839.0	0	3	0	2
843.0	0	2	0	2
844.0	0	1	0	1
846.0	0	1	1	1
852.0	0	1	0	3
853.0	0	2	0	1
854.0	0	1	0	0
857.0	0	0	1	1
858.0	0	1	0	1
860.0	0	1	0	1
861.0	0	1	0	0
862.0	0	0	2	0
863.0	0	1	0	2
864.0	0	1	0	1
865.0	0	1	0	0
867.0	0	1	0	1
868.0	0	1	0	2
869.0	0	1	0	0
870.0	0	1	0	1
871.0	0	1	1	1
875.0	0	0	1	1
876.0	0	1	0	0
885.0	0	1	0	1
886.0	0	0	1	0
889.0	0	0	0	1
890.0	0	3	0	2
892.0	0	0	1	1
893.0	0	1	0	0
896.0	0	0	1	0
900.0	0	0	0	1
901.0	0	1	0	1
902.0	0	1	0	0
905.0	0	1	0	2
907.0	0	2	0	1
909.0	0	0	1	0
910.0	0	0	0	1
911.0	0	2	0	1
917.0	0	1	0	1
921.0	0	0	0	1
922.0	0	2	0	2
923.0	0	0	1	0
924.0	0	1	0	0
925.0	0	0	0	1
926.0	0	1	0	0
928.0	0	0	0	1
929.0	0	1	0	0
930.0	0	1	0	2
931.0	0	2	0	1
936.0	0	0	0	1
937.0	0	2	0	2
938.0	0	1	0	0
940.0	0	1	0	1
943.0	0	2	0	2
944.0	0	1	0	1
945.0	0	0	0	1
946.0	0	1	0	0
947.0	0	1	1	1
948.0	0	0	1	0
949.0	0	1	0	1
951.0	0	2	0	2
952.0	0	0	0	1
953.0	0	1	0	0
956.0	0	2	0	2
961.0	0	1	0	2
962.0	0	1	0	0
965.0	0	0	1	0
968.0	0	1	0	1
971.0	0	1	0	2
972.0	0	1	0	0
975.0	0	0	1	0
976.0	0	1	0	1
978.0	0	0	0	1
979.0	0	1	0	0
980.0	0	0	1	0
982.0	0	2	0	2
983.0	0	1	0	1
988.0	0	0	1	0
993.0	0	0	1	0
996.0	0	2	1	2
1000.0	0	0	0	1
1001.0	0	1	0	0
1007.0	0	0	0	1
1008.0	0	1	1	1
1009.0	0	1	0	1
1010.0	0	1	1	0
1011.0	0	1	0	1
1012.0	0	1	0	1
1016.0	0	1	0	1
1019.0	0	1	0	1
1020.0	0	1	0	1
1021.0	0	0	1	0
1022.0	0	0	0	1
1023.0	0	1	0	0
1024.0	0	1	0	1
1025.0	0	0	1	0
1027.0	0	0	1	0
1030.0	0	1	0	1
1036.0	0	1	0	1
1037.0	0	0	0	1
1038.0	0	1	0	0
1046.0	0	1	0	1
1047.0	0	0	1	0
1050.0	0	0	0	1
1052.0	0	1	0	1
1053.0	0	1	1	0
1055.0	0	1	0	1
1057.0	0	1	0	1
1059.0	0	0	1	0
1067.0	0	1	0	1
1068.0	0	0	0	1
1069.0	0	1	0	0
1072.0	0	0	0	1
1073.0	0	1	0	0
1077.0	0	0	0	1
1078.0	0	1	0	0
1079.0	0	1	0	2
1080.0	0	1	0	0
1081.0	0	1	0	1
1082.0	0	0	0	1
1083.0	0	2	0	2
1085.0	0	1	0	0
1087.0	0	1	0	1
1089.0	0	0	1	0
1090.0	0	1	0	1
1093.0	0	1	0	1
1099.0	0	0	0	2
1100.0	0	2	0	0
1106.0	0	1	0	1
1108.0	0	0	0	1
1109.0	0	1	1	0
1110.0	0	1	0	1
1111.0	0	0	0	1
1112.0	0	1	0	0
1113.0	0	0	0	2
1114.0	0	2	0	0
1116.0	0	1	0	1
1117.0	0	2	0	2
1130.0	0	0	1	0
1133.0	0	0	0	1
1135.0	0	2	0	1
1139.0	0	1	0	1
1140.0	0	1	0	1
1142.0	0	1	0	1
1143.0	0	1	0	1
1148.0	0	1	0	1
1151.0	0	0	0	1
1152.0	0	1	0	0
1153.0	0	1	0	1
1155.0	0	1	0	1
1157.0	0	1	0	1
1159.0	0	1	0	1
1162.0	0	0	1	0
1164.0	0	1	0	1
1167.0	0	1	0	2
1169.0	0	1	0	0
1174.0	0	0	1	0
1176.0	0	2	1	2
1178.0	0	0	1	0
1181.0	0	0	1	0
1182.0	0	0	0	1
1183.0	0	1	0	1
1184.0	0	2	0	1
1185.0	0	2	0	2
1186.0	0	0	0	1
1187.0	0	2	2	1
1188.0	0	0	0	2
1189.0	0	2	1	0
1198.0	0	0	0	1
1199.0	0	1	0	0
1205.0	0	0	0	1
1206.0	0	1	0	1
1207.0	0	1	0	0
1208.0	0	1	0	1
1211.0	0	0	0	1
1213.0	0	2	0	1
1217.0	0	0	0	1
1219.0	0	1	0	0
1220.0	0	1	0	1
1223.0	0	1	0	1
1224.0	0	0	1	0
1237.0	0	3	0	3
1240.0	0	0	0	1
1241.0	0	1	0	0
1242.0	0	0	1	0
1243.0	0	0	0	1
1245.0	0	1	0	0
1247.0	0	1	1	1
1248.0	0	0	1	0
1249.0	0	0	1	0
1254.0	0	1	0	1
1259.0	0	1	0	1
1260.0	0	1	1	1
1261.0	0	1	0	1
1269.0	0	1	0	1
1270.0	0	0	1	0
1273.0	0	2	0	2
1278.0	0	1	0	1
1279.0	0	0	0	1
1280.0	0	1	0	0
1281.0	0	1	0	1
1288.0	0	1	0	1
1289.0	0	0	0	1
1290.0	0	1	0	0
1292.0	0	1	0	1
1294.0	0	1	0	1
1304.0	0	0	0	2
1305.0	0	1	0	0
1306.0	0	1	0	0
1308.0	0	1	0	2
1309.0	0	0	0	1
1310.0	0	1	0	0
1311.0	0	2	0	1
1312.0	0	0	0	1
1313.0	0	1	0	0
1315.0	0	0	1	0
1317.0	0	1	0	1
1326.0	0	1	0	2
1328.0	0	1	1	0
1334.0	0	0	1	0
1336.0	0	1	0	1
1338.0	0	0	0	1
1339.0	0	1	0	0
1341.0	0	1	0	1
1342.0	0	0	0	1
1343.0	0	1	0	1
1344.0	0	1	0	0
1346.0	0	1	0	1
1349.0	0	1	0	2
1351.0	0	1	0	0
1353.0	0	0	0	1
1354.0	0	1	1	0
1357.0	0	0	1	0
1359.0	0	0	1	0
1365.0	0	0	0	1
1366.0	0	1	0	0
1371.0	0	1	0	2
1373.0	0	1	0	0
1375.0	0	1	0	1
1380.0	0	0	1	0
1383.0	0	0	0	1
1385.0	0	1	0	1
1386.0	0	1	0	0
1389.0	0	1	1	1
1396.0	0	1	0	1
1399.0	0	0	1	0
1404.0	0	0	0	1
1405.0	0	1	0	0
1406.0	0	1	0	1
1409.0	0	1	0	1
1414.0	0	1	0	1
1416.0	0	0	1	0
1418.0	0	0	0	2
1419.0	0	2	0	0
1420.0	0	0	1	0
1424.0	0	1	0	1
1430.0	0	1	0	1
1431.0	0	1	0	1
1434.0	0	0	0	1
1435.0	0	1	0	0
1437.0	0	1	0	1
1442.0	0	0	0	1
1444.0	0	2	0	1
1447.0	0	1	0	1
1451.0	0	0	0	1
1454.0	0	1	1	0
1462.0	0	1	0	1
1464.0	0	0	2	1
1465.0	0	1	0	0
1468.0	0	0	0	1
1469.0	0	1	0	1
1470.0	0	0	0	1
1471.0	0	2	0	0
1472.0	0	1	0	1
1488.0	0	0	0	1
1489.0	0	2	0	1
1493.0	0	0	1	0
1495.0	0	0	0	1
1498.0	0	1	0	0
1500.0	0	0	0	1
1502.0	0	1	0	0
1513.0	0	1	0	3
1514.0	0	2	0	0
1516.0	0	0	0	2
1518.0	0	2	0	0
1522.0	0	0	0	1
1523.0	0	1	0	0
1524.0	0	0	1	0
1525.0	0	0	0	1
1526.0	0	1	0	0
1533.0	0	0	1	0
1542.0	0	1	0	1
1547.0	0	0	0	1
1548.0	0	0	1	0
1549.0	0	1	0	0
1551.0	0	0	0	1
1554.0	0	1	0	0
1559.0	0	0	1	0
1561.0	0	1	0	1
1568.0	0	0	0	1
1569.0	0	1	0	0
1575.0	0	1	0	1
1582.0	0	0	0	1
1583.0	0	1	0	0
1604.0	0	1	0	1
1619.0	0	0	1	1
1621.0	0	1	0	0
1624.0	0	1	0	1
1625.0	0	0	0	1
1627.0	0	1	0	0
1634.0	0	1	0	1
1645.0	0	1	0	1
1649.0	0	1	0	1
1653.0	0	0	1	0
1662.0	0	0	0	1
1663.0	0	1	0	0
1667.0	0	0	1	0
1668.0	0	1	0	1
1673.0	0	1	0	1
1679.0	0	0	0	1
1680.0	0	2	0	2
1681.0	0	1	0	0
1682.0	0	1	0	2
1683.0	0	1	0	1
1684.0	0	0	1	0
1686.0	0	0	0	1
1687.0	0	3	0	1
1691.0	0	0	1	0
1692.0	0	0	1	0
1704.0	0	0	0	1
1705.0	0	1	0	0
1707.0	0	1	0	1
1709.0	0	1	0	1
1710.0	0	1	1	1
1711.0	0	0	1	0
1714.0	0	0	2	0
1723.0	0	1	0	1
1732.0	0	1	0	2
1733.0	0	1	0	0
1734.0	0	1	0	1
1740.0	0	0	0	1
1743.0	0	1	0	0
1748.0	0	0	0	1
1750.0	0	1	0	0
1767.0	0	0	0	1
1768.0	0	1	0	0
1779.0	0	0	0	1
1780.0	0	1	0	0
1784.0	0	0	1	2
1785.0	0	1	0	0
1786.0	0	1	0	0
1788.0	0	0	0	1
1789.0	0	1	0	0
1797.0	0	0	0	1
1798.0	0	1	0	0
1799.0	0	0	0	1
1800.0	0	1	0	0
1804.0	0	0	0	1
1806.0	0	1	0	0
1814.0	0	0	0	1
1815.0	0	1	0	0
1816.0	0	0	0	1
1818.0	0	1	0	0
1831.0	0	0	0	1
1833.0	0	1	0	0
1842.0	0	1	0	1
1853.0	0	0	0	1
1855.0	0	0	0	1
1857.0	0	2	0	1
1858.0	0	1	0	0
1868.0	0	0	0	1
1869.0	0	1	0	0
1872.0	0	1	0	1
1875.0	0	0	0	1
1876.0	0	1	0	0
1879.0	0	1	0	1
1880.0	0	0	0	1
1881.0	0	1	0	0
1887.0	0	0	0	1
1888.0	0	1	0	0
1889.0	0	1	0	1
1892.0	0	0	0	1
1894.0	0	1	0	0
1905.0	0	0	0	1
1906.0	0	1	0	1
1908.0	0	1	0	1
1909.0	0	1	0	0
1919.0	0	0	0	1
1922.0	0	1	0	0
1925.0	0	1	0	1
1941.0	0	1	0	1
1948.0	0	0	0	1
1950.0	0	1	0	0
1958.0	0	0	1	0
1976.0	0	0	1	0
1979.0	0	0	0	1
1980.0	0	1	0	0
1984.0	0	1	0	1
1992.0	0	0	0	1
1994.0	0	1	0	0
1997.0	0	0	0	1
1998.0	0	1	0	0
2006.0	0	1	0	2
2008.0	0	0	0	1
2009.0	0	1	0	0
2011.0	0	1	0	0
2016.0	0	0	1	0
2017.0	0	0	1	0
2021.0	0	0	1	0
2030.0	0	0	1	2
2031.0	0	2	0	0
2037.0	0	0	0	1
2038.0	0	1	0	0
2039.0	0	0	0	1
2040.0	0	1	0	0
2045.0	0	0	1	0
2052.0	0	0	0	1
2053.0	0	1	0	0
2054.0	0	0	1	0
2065.0	0	0	0	1
2066.0	0	1	0	0
2071.0	0	0	1	0
2080.0	0	0	0	1
2082.0	0	1	0	0
2084.0	0	0	0	1
2086.0	0	1	0	0
2095.0	0	0	1	0
2100.0	0	0	1	0
2106.0	0	0	0	1
2108.0	0	1	0	0
2115.0	0	0	0	1
2119.0	0	1	0	0
2123.0	0	0	0	1
2124.0	0	1	0	0
2127.0	0	0	1	1
2128.0	0	0	0	1
2129.0	0	1	0	0
2130.0	0	1	0	1
2131.0	0	1	1	0
2132.0	0	1	1	1
2136.0	0	1	0	1
2138.0	0	0	0	1
2140.0	0	1	0	0
2148.0	0	0	0	1
2149.0	0	0	0	1
2150.0	0	2	0	0
2156.0	0	0	1	0
2157.0	0	0	1	0
2163.0	0	1	0	1
2187.0	0	1	0	1
2189.0	0	0	0	1
2195.0	0	1	0	0
2204.0	0	1	0	1
2210.0	0	0	0	1
2212.0	0	1	0	0
2221.0	0	1	0	1
2223.0	0	1	0	1
2238.0	0	0	0	1
2239.0	0	1	0	0
2243.0	0	0	0	1
2245.0	0	1	0	0
2247.0	0	0	0	1
2249.0	0	1	0	0
2253.0	0	0	0	1
2255.0	0	1	0	0
2265.0	0	0	0	1
2266.0	0	0	0	1
2268.0	0	1	0	0
2269.0	0	1	0	0
2277.0	0	0	1	0
2320.0	0	0	0	1
2321.0	0	1	0	0
2329.0	0	0	0	1
2330.0	0	1	0	0
2347.0	0	0	0	1
2348.0	0	1	0	0
2356.0	0	0	0	1
2358.0	0	1	0	0
2370.0	0	0	0	1
2371.0	0	1	0	0
2374.0	0	0	1	1
2376.0	0	1	0	0
2389.0	0	0	0	1
2391.0	0	1	0	0
2403.0	0	0	0	1
2404.0	0	1	0	0
2416.0	0	0	0	1
2417.0	0	1	0	0
2427.0	0	0	0	1
2429.0	0	1	0	0
2430.0	0	0	0	1
2431.0	0	0	0	1
2435.0	0	2	0	0
2445.0	0	0	0	1
2446.0	0	0	0	1
2447.0	0	1	0	0
2448.0	0	1	0	0
2451.0	0	0	1	0
2457.0	0	0	0	1
2459.0	0	1	0	0
2469.0	0	0	0	1
2470.0	0	0	0	1
2471.0	0	1	0	0
2472.0	0	1	0	0
2474.0	0	0	1	0
2480.0	0	0	0	1
2482.0	0	1	0	0
2490.0	0	1	0	1
2499.0	0	0	1	0
2501.0	0	0	1	0
2502.0	0	0	0	1
2506.0	0	1	0	0
2521.0	0	0	0	1
2522.0	0	1	0	0
2528.0	0	0	0	1
2530.0	0	1	0	0
2535.0	0	0	0	1
2536.0	0	0	0	1
2539.0	0	1	0	0
2540.0	0	1	0	0
2542.0	0	0	1	0
2549.0	0	0	0	1
2552.0	0	0	0	1
2554.0	0	2	1	1
2555.0	0	0	0	1
2557.0	0	2	0	0
2559.0	0	0	1	0
2560.0	0	0	0	1
2562.0	0	1	0	0
2564.0	0	0	1	0
2583.0	0	0	0	1
2587.0	0	1	0	0
2595.0	0	0	1	0
2600.0	0	0	0	1
2601.0	0	1	0	1
2602.0	0	1	0	0
2625.0	0	0	1	0
2647.0	0	0	0	1
2651.0	0	1	0	0
2657.0	0	0	0	1
2659.0	0	1	0	0
2661.0	0	0	0	1
2667.0	0	1	0	0
2676.0	0	0	0	1
2680.0	0	1	0	0
2685.0	0	1	0	1
2708.0	0	0	0	1
2709.0	0	1	0	0
2727.0	0	0	0	1
2735.0	0	1	0	0
2741.0	0	1	0	2
2744.0	0	1	0	0
2750.0	0	0	0	1
2752.0	0	1	0	1
2755.0	0	1	0	0
2761.0	0	0	0	2
2763.0	0	2	0	0
2767.0	0	0	1	0
2768.0	0	0	0	1
2772.0	0	0	0	1
2774.0	0	1	0	0
2775.0	0	1	0	0
2783.0	0	0	0	1
2788.0	0	1	0	0
2796.0	0	0	0	1
2798.0	0	1	0	0
2799.0	0	0	1	1
2800.0	0	1	0	0
2806.0	0	0	0	1
2807.0	0	0	1	0
2808.0	0	1	0	1
2810.0	0	1	0	0
2816.0	0	0	1	0
2824.0	0	0	1	0
2830.0	0	0	0	1
2832.0	0	1	0	0
2838.0	0	0	0	1
2840.0	0	1	0	0
2857.0	0	0	0	1
2860.0	0	1	0	0
2866.0	0	0	1	0
2880.0	0	0	0	1
2885.0	0	1	0	0
2887.0	0	0	0	1
2889.0	0	1	0	0
2902.0	0	0	0	1
2903.0	0	1	0	0
2907.0	0	0	0	1
2911.0	0	1	0	0
2921.0	0	1	0	1
2934.0	0	0	0	1
2939.0	0	1	0	0
2941.0	0	1	0	1
2952.0	0	0	1	0
2955.0	0	1	0	1
2974.0	0	0	1	0
2982.0	0	0	0	1
2983.0	0	1	0	0
2992.0	0	0	1	0
3025.0	0	0	0	1
3027.0	0	1	0	0
3041.0	0	0	0	1
3045.0	0	1	0	0
3114.0	0	0	0	1
3116.0	0	1	0	0
3129.0	0	0	0	1
3133.0	0	0	0	1
3134.0	0	1	0	0
3135.0	0	1	0	0
3156.0	0	0	0	1
3158.0	0	0	0	1
3161.0	0	1	0	0
3162.0	0	1	0	1
3163.0	0	0	0	1
3164.0	0	1	0	0
3165.0	0	1	0	0
3168.0	0	0	1	1
3171.0	0	1	0	0
3175.0	0	0	0	1
3180.0	0	0	0	1
3181.0	0	1	0	0
3183.0	0	1	0	0
3188.0	0	0	0	1
3196.0	0	1	0	0
3197.0	0	0	0	1
3201.0	0	1	0	0
3204.0	0	0	1	0
3210.0	0	0	0	1
3211.0	0	1	0	0
3212.0	0	0	0	1
3215.0	0	1	0	0
3228.0	0	0	0	1
3230.0	0	1	0	0
3237.0	0	0	0	1
3238.0	0	1	0	0
3239.0	0	0	0	1
3241.0	0	1	0	0
3255.0	0	0	0	1
3256.0	0	1	0	0
3264.0	0	0	1	0
3269.0	0	0	1	0
3282.0	0	0	1	0
3322.0	0	0	1	0
3325.0	0	0	0	1
3331.0	0	1	0	0
3354.0	0	0	1	0
3372.0	0	0	0	2
3377.0	0	1	0	0
3378.0	0	1	0	0
3386.0	0	0	1	0
3390.0	0	0	1	0
3403.0	0	0	0	1
3408.0	0	1	0	1
3412.0	0	1	0	0
3422.0	0	0	1	0
3433.0	0	0	0	1
3438.0	0	0	0	1
3439.0	0	1	0	0
3440.0	0	1	0	0
3456.0	0	0	0	1
3458.0	0	1	1	0
3469.0	0	0	0	1
3474.0	0	1	0	0
3478.0	0	0	0	1
3481.0	0	1	0	1
3483.0	0	0	0	1
3484.0	0	1	1	0
3485.0	0	1	0	0
3524.0	0	0	1	0
3539.0	0	0	0	1
3542.0	0	1	0	0
3553.0	0	0	0	1
3559.0	0	1	0	0
3568.0	0	0	0	1
3571.0	0	1	0	0
3575.0	0	0	0	1
3577.0	0	0	0	1
3579.0	0	0	1	0
3580.0	0	1	0	0
3581.0	0	1	0	0
3607.0	0	0	0	1
3614.0	0	1	0	0
3618.0	0	0	0	1
3622.0	0	1	0	0
3652.0	0	0	1	0
3653.0	0	0	0	1
3659.0	0	1	0	0
3661.0	0	0	0	1
3664.0	0	1	0	0
3666.0	0	0	1	1
3668.0	0	0	1	0
3672.0	0	1	0	0
3678.0	0	1	0	1
3683.0	0	0	1	0
3686.0	0	0	0	1
3687.0	0	0	0	1
3689.0	0	1	0	0
3691.0	0	1	0	0
3707.0	0	0	0	1
3709.0	0	0	0	1
3712.0	0	1	0	0
3714.0	0	1	0	0
3715.0	0	0	1	0
3761.0	0	0	0	1
3765.0	0	1	0	0
3775.0	0	1	0	1
3777.0	0	0	0	1
3784.0	0	1	0	0
3788.0	0	0	1	0
3790.0	0	0	0	1
3796.0	0	1	0	0
3799.0	0	0	0	1
3804.0	0	1	0	1
3808.0	0	1	0	0
3820.0	0	0	0	1
3823.0	0	0	0	1
3825.0	0	1	0	0
3829.0	0	1	0	0
3847.0	0	0	1	0
3852.0	0	0	0	1
3858.0	0	1	0	0
3906.0	0	0	0	1
3907.0	0	1	0	0
3911.0	0	0	0	1
3915.0	0	1	0	0
3922.0	0	0	0	1
3928.0	0	1	0	0
3929.0	0	0	0	1
3931.0	0	0	1	0
3933.0	0	1	0	0
3936.0	0	0	1	0
3941.0	0	0	1	0
3950.0	0	0	0	1
3953.0	0	1	0	1
3961.0	0	1	0	1
3962.0	0	1	0	0
3964.0	0	0	0	1
3966.0	0	0	0	1
3970.0	0	1	0	0
3971.0	0	1	0	0
3981.0	0	0	1	0
3986.0	0	0	0	1
3990.0	0	1	0	0
3991.0	0	0	0	1
3994.0	0	0	0	1
3995.0	0	1	0	0
3999.0	0	1	0	0
4009.0	0	0	0	1
4013.0	0	1	0	0
4041.0	0	0	0	1
4044.0	0	1	0	0
4066.0	0	0	1	0
4072.0	0	0	0	1
4073.0	0	0	0	1
4076.0	0	1	0	0
4077.0	0	1	0	0
4078.0	0	0	0	1
4082.0	0	1	0	0
4182.0	0	0	0	1
4188.0	0	1	0	0
4190.0	0	0	0	1
4195.0	0	1	0	0
4202.0	0	0	0	1
4207.0	0	1	0	0
4226.0	0	0	0	1
4229.0	0	1	0	0
4231.0	0	0	0	1
4234.0	0	0	1	0
4236.0	0	0	0	1
4238.0	0	1	0	0
4240.0	0	1	0	0
4260.0	0	0	0	1
4264.0	0	1	0	0
4281.0	0	0	1	0
4282.0	0	0	0	1
4285.0	0	0	0	1
4286.0	0	1	0	0
4291.0	0	1	0	0
4296.0	0	0	1	1
4302.0	0	1	0	0
4310.0	0	0	1	0
4456.0	0	0	0	1
4458.0	0	0	0	1
4461.0	0	1	0	0
4466.0	0	1	0	0
4497.0	0	0	0	1
4506.0	0	1	0	0
4510.0	0	0	0	1
4518.0	0	1	0	0
4519.0	0	0	0	1
4521.0	0	0	0	1
4525.0	0	0	0	1
4526.0	0	1	0	2
4527.0	0	1	0	0
4529.0	0	1	0	0
4530.0	0	1	0	0
4536.0	0	1	0	0
4540.0	0	0	1	0
4551.0	0	0	0	1
4559.0	0	1	0	0
4562.0	0	0	1	0
4569.0	0	0	1	0
4573.0	0	0	0	1
4582.0	0	0	1	0
4583.0	0	1	0	0
4592.0	0	0	1	1
4596.0	0	1	0	0
4605.0	0	0	0	1
4607.0	0	0	1	0
4609.0	0	0	1	0
4613.0	0	1	0	0
4658.0	0	0	0	1
4664.0	0	1	0	0
4669.0	0	0	0	1
4672.0	0	1	0	0
4692.0	0	0	0	1
4700.0	0	1	0	0
4810.0	0	0	1	1
4812.0	0	0	0	1
4818.0	0	1	0	0
4822.0	0	1	0	0
4862.0	0	0	1	0
4864.0	0	0	0	1
4870.0	0	1	0	0
4872.0	0	0	0	1
4873.0	0	0	0	1
4880.0	0	1	0	0
4881.0	0	1	0	0
4905.0	0	0	0	1
4914.0	0	1	0	0
4992.0	0	0	0	1
5000.0	0	1	0	0
5011.0	0	0	0	1
5015.0	0	1	0	0
5067.0	0	0	0	1
5076.0	0	1	0	0
5157.0	0	0	0	1
5165.0	0	1	0	0
5229.0	0	0	0	1
5235.0	0	0	0	1
5240.0	0	1	0	0
5245.0	0	1	0	0
5258.0	0	0	1	0
5280.0	0	0	0	1
5291.0	0	1	0	0
5303.0	0	0	0	1
5308.0	0	1	0	0
5316.0	0	0	1	0
5360.0	0	0	0	1
5366.0	0	0	1	0
5373.0	0	1	0	0
5376.0	0	0	0	1
5384.0	0	1	0	0
5385.0	0	0	0	1
5398.0	0	1	0	0
5405.0	0	0	0	1
5411.0	0	1	0	0
5418.0	0	0	0	1
5431.0	0	1	0	0
5467.0	0	0	1	0
5470.0	0	0	0	1
5478.0	0	0	1	0
5483.0	0	1	0	0
5507.0	0	0	0	1
5516.0	0	1	0	0
5553.0	0	0	0	1
5555.0	0	0	1	0
5559.0	0	0	0	1
5568.0	0	1	0	0
5573.0	0	1	0	0
5574.0	0	0	0	1
5578.0	0	0	0	1
5584.0	0	1	0	0
5587.0	0	1	0	0
5602.0	0	0	1	0
5655.0	0	0	0	1
5660.0	0	1	0	0
5701.0	0	0	0	1
5713.0	0	1	0	0
5721.0	0	0	1	0
5765.0	0	0	0	1
5767.0	0	0	1	0
5769.0	0	0	0	1
5779.0	0	1	0	0
5782.0	0	1	0	0
5795.0	0	0	0	1
5804.0	0	1	0	0
5831.0	0	0	0	1
5844.0	0	1	0	0
5859.0	0	0	1	0
5891.0	0	0	0	1
5897.0	0	0	1	0
5905.0	0	1	0	0
5952.0	0	0	0	1
5956.0	0	0	0	1
5965.0	0	1	0	0
5967.0	0	0	0	1
5969.0	0	1	0	0
5976.0	0	0	0	1
5985.0	0	1	0	0
5988.0	0	1	0	0
6007.0	0	0	0	1
6012.0	0	1	0	0
6060.0	0	0	0	1
6069.0	0	1	0	0
6070.0	0	0	0	1
6079.0	0	1	0	0
6100.0	0	0	0	1
6104.0	0	0	0	2
6107.0	0	1	0	0
6111.0	0	1	0	0
6116.0	0	1	0	0
6140.0	0	0	1	0
6167.0	0	0	0	1
6177.0	0	1	0	0
6209.0	0	0	0	1
6213.0	0	0	1	0
6226.0	0	1	0	0
6251.0	0	0	1	0
6257.0	0	0	0	1
6269.0	0	1	0	0
6356.0	0	0	0	1
6369.0	0	1	0	0
6379.0	0	0	0	1
6382.0	0	0	1	0
6396.0	0	1	0	0
6414.0	0	0	1	0
6416.0	0	0	0	1
6421.0	0	0	0	1
6430.0	0	0	1	1
6433.0	0	1	0	0
6434.0	0	1	0	0
6440.0	0	1	0	0
6442.0	0	0	0	1
6455.0	0	1	0	0
6459.0	0	0	0	1
6469.0	0	1	0	0
6504.0	0	0	1	0
6519.0	0	0	0	1
6532.0	0	1	0	0
6540.0	0	0	1	0
6592.0	0	0	0	1
6600.0	0	1	0	0
6603.0	0	0	1	0
6605.0	0	0	0	1
6613.0	0	0	0	1
6617.0	0	1	0	0
6627.0	0	1	0	0
6709.0	0	0	0	1
6720.0	0	1	0	0
6835.0	0	0	0	1
6849.0	0	1	0	0
6980.0	0	0	1	0
7010.0	0	0	1	0
7041.0	0	0	0	1
7047.0	0	0	0	1
7052.0	0	1	0	0
7061.0	0	1	0	1
7080.0	0	1	0	0
7261.0	0	0	0	1
7263.0	0	0	1	0
7282.0	0	1	0	0
7443.0	0	0	1	0
7515.0	0	0	1	0
7519.0	0	0	0	1
7534.0	0	1	0	0
7601.0	0	0	0	1
7615.0	0	1	0	0
7660.0	0	0	1	0
7674.0	0	0	0	1
7693.0	0	0	0	1
7695.0	0	1	0	0
7707.0	0	1	0	0
7713.0	0	0	1	0
7774.0	0	0	0	1
7790.0	0	1	0	0
7811.0	0	0	1	0
7841.0	0	0	1	0
7849.0	0	0	1	0
7871.0	0	0	0	1
7890.0	0	1	0	0
7915.0	0	0	1	0
7972.0	0	0	0	1
7987.0	0	1	0	0
7996.0	0	0	0	1
8022.0	0	1	0	0
8127.0	0	0	0	1
8146.0	0	1	0	0
8175.0	0	0	0	1
8181.0	0	0	1	0
8189.0	0	1	0	0
8195.0	0	0	0	1
8213.0	0	1	0	0
8254.0	0	0	0	1
8274.0	0	1	0	0
8347.0	0	0	0	1
8369.0	0	1	0	0
8437.0	0	0	1	0
8442.0	0	0	1	1
8453.0	0	0	0	1
8465.0	0	0	1	0
8469.0	0	1	0	0
8474.0	0	1	0	0
8489.0	0	0	0	1
8506.0	0	1	0	0
8510.0	0	0	1	0
8540.0	0	0	0	1
8561.0	0	1	0	0
8566.0	0	0	0	1
8595.0	0	1	0	0
8671.0	0	0	0	1
8688.0	0	1	0	0
8729.0	0	0	0	1
8748.0	0	1	0	0
8809.0	0	0	0	1
8828.0	0	0	1	0
8829.0	0	1	0	0
8831.0	0	0	0	1
8852.0	0	1	0	0
8853.0	0	0	1	0
8954.0	0	0	0	1
8970.0	0	0	0	1
8983.0	0	1	0	0
8988.0	0	1	0	0
9001.0	0	0	0	1
9026.0	0	1	0	0
9051.0	0	0	0	1
9080.0	0	1	0	0
9120.0	0	0	0	1
9144.0	0	1	0	0
9172.0	0	0	1	0
9180.0	0	0	0	1
9200.0	0	0	0	1
9203.0	0	1	0	0
9225.0	0	1	0	0
9322.0	0	0	0	1
9343.0	0	1	0	0
9351.0	0	0	0	1
9374.0	0	1	0	0
9416.0	0	0	0	1
9440.0	0	1	0	0
9458.0	0	0	1	0
9470.0	0	0	1	0
9651.0	0	0	0	1
9672.0	0	0	0	1
9684.0	0	1	0	0
9706.0	0	1	0	0
9813.0	0	0	0	1
9841.0	0	1	0	0
9855.0	0	0	0	1
9881.0	0	1	0	0
9896.0	0	0	0	1
9923.0	0	1	0	0
9942.0	0	0	0	1
9951.0	0	0	0	1
9971.0	0	1	0	0
9986.0	0	1	0	0
10055.0	0	0	0	1
10079.0	0	1	0	0
10253.0	0	0	0	1
10283.0	0	1	0	0
10338.0	0	0	0	1
10368.0	0	1	0	0
10369.0	0	0	0	1
10399.0	0	1	0	0
10432.0	0	0	1	0
10559.0	0	0	0	1
10591.0	0	1	0	0
10601.0	0	0	1	0
10617.0	0	0	0	1
10650.0	0	1	0	0
10700.0	0	0	0	1
10710.0	0	0	1	0
10711.0	0	0	1	0
10731.0	0	1	0	0
10748.0	0	0	1	0
10789.0	0	0	0	1
10824.0	0	1	0	0
10995.0	0	0	0	1
11015.0	0	1	0	0
11031.0	0	0	0	1
11071.0	0	1	0	0
11084.0	0	0	0	1
11127.0	0	1	1	0
11197.0	0	0	1	0
11207.0	0	0	1	0
11302.0	0	0	0	1
11335.0	0	1	0	0
11391.0	0	0	1	0
11422.0	0	0	0	1
11460.0	0	1	0	0
11515.0	0	0	0	1
11542.0	0	1	0	0
11640.0	0	0	1	0
11657.0	0	0	0	1
11694.0	0	1	0	0
11725.0	0	0	1	0
11726.0	0	0	1	0
11731.0	0	0	1	0
11748.0	0	0	1	0
11750.0	0	0	1	0
11780.0	0	0	0	1
11817.0	0	1	0	0
11833.0	0	0	0	1
11866.0	0	0	1	0
11872.0	0	1	0	0
11941.0	0	0	1	0
11998.0	0	0	0	1
12002.0	0	0	0	1
12044.0	0	1	0	0
12062.0	0	1	0	0
12070.0	0	0	0	1
12119.0	0	1	0	0
12120.0	0	0	1	0
12128.0	0	0	0	1
12140.0	0	0	1	0
12169.0	0	1	0	0
12243.0	0	0	0	1
12274.0	0	1	0	0
12275.0	0	0	0	1
12305.0	0	1	0	0
12358.0	0	0	1	0
12501.0	0	0	0	1
12535.0	0	1	0	0
12848.0	0	0	0	1
12894.0	0	1	0	0
12927.0	0	0	0	1
12974.0	0	1	0	0
13080.0	0	0	0	1
13126.0	0	1	0	0
13164.0	0	0	1	0
13274.0	0	0	1	0
13276.0	0	0	0	1
13319.0	0	1	0	0
13480.0	0	0	0	1
13527.0	0	1	0	0
13646.0	0	0	1	0
13648.0	0	0	0	1
13701.0	0	1	0	0
13792.0	0	0	0	1
13814.0	0	0	0	1
13828.0	0	0	0	1
13844.0	0	1	0	0
13866.0	0	1	0	0
13875.0	0	0	1	0
13878.0	0	1	0	0
13907.0	0	0	0	1
13917.0	0	0	0	1
13960.0	0	1	0	0
13981.0	0	1	0	0
14000.0	0	0	0	1
14051.0	0	1	0	0
14146.0	0	0	1	0
14262.0	0	0	0	1
14311.0	0	1	0	0
14314.0	0	0	0	1
14380.0	0	1	0	0
14560.0	0	0	0	1
14609.0	0	1	0	0
14731.0	0	0	0	1
14785.0	0	1	0	0
14909.0	0	0	1	0
15034.0	0	0	0	1
15064.0	0	0	1	0
15102.0	0	1	0	0
15302.0	0	0	1	0
15358.0	0	0	1	0
15373.0	0	0	0	1
15430.0	0	1	0	0
15444.0	0	0	0	1
15467.0	0	0	0	1
15519.0	0	1	0	0
15544.0	0	1	0	0
15671.0	0	0	1	0
15765.0	0	0	0	1
15822.0	0	1	0	0
15868.0	0	0	1	0
15876.0	0	0	1	0
15908.0	0	0	0	1
15973.0	0	1	0	0
16100.0	0	0	1	0
16112.0	0	0	1	0
16227.0	0	0	0	1
16295.0	0	1	0	0
16417.0	0	0	2	0
16613.0	0	0	0	1
16629.0	0	0	0	1
16685.0	0	0	0	1
16694.0	0	1	0	0
16714.0	0	1	0	0
16772.0	0	1	0	0
16883.0	0	0	1	0
16914.0	0	0	0	1
16953.0	0	0	1	0
17002.0	0	1	0	0
17072.0	0	0	0	1
17155.0	0	0	0	1
17157.0	0	1	0	0
17212.0	0	0	1	0
17249.0	0	1	0	0
17303.0	0	0	1	0
17497.0	0	0	0	1
17598.0	0	1	0	0
17870.0	0	0	1	0
18083.0	0	0	0	1
18164.0	0	1	0	0
18242.0	0	0	1	0
18476.0	0	0	0	1
18587.0	0	1	0	0
18594.0	0	0	0	1
18702.0	0	1	0	0
18953.0	0	0	0	1
19051.0	0	1	0	0
19137.0	0	0	0	1
19141.0	0	0	0	1
19189.0	0	0	0	1
19222.0	0	1	0	0
19238.0	0	1	0	0
19301.0	0	1	0	0
19361.0	0	0	0	1
19367.0	0	0	0	1
19457.0	0	1	0	0
19461.0	0	1	0	0
19651.0	0	0	0	1
19767.0	0	1	0	0
19979.0	0	0	1	0
20147.0	0	0	1	0
20235.0	0	0	1	0
20619.0	0	0	0	1
20636.0	0	0	0	1
20738.0	0	1	0	0
20748.0	0	1	0	0
20802.0	0	0	1	0
20943.0	0	0	0	1
21058.0	0	1	0	0
21100.0	0	0	0	1
21138.0	0	0	0	1
21200.0	0	0	1	0
21222.0	0	1	0	0
21268.0	0	1	0	0
21549.0	0	0	0	1
21676.0	0	0	1	0
21685.0	0	0	1	0
21687.0	0	1	0	0
21767.0	0	0	0	1
21873.0	0	0	1	0
21895.0	0	1	0	0
22163.0	0	0	0	1
22298.0	0	1	0	0
22594.0	0	0	0	1
22726.0	0	1	0	0
22870.0	0	0	0	1
23000.0	0	1	0	0
23862.0	0	0	0	1
23934.0	0	0	0	1
24002.0	0	1	0	0
24041.0	0	0	0	1
24088.0	0	1	0	0
24209.0	0	1	0	0
24222.0	0	0	0	1
24358.0	0	0	0	1
24391.0	0	1	0	0
24448.0	0	0	0	1
24528.0	0	1	0	0
24596.0	0	0	0	1
24619.0	0	1	0	0
24764.0	0	1	0	0
25106.0	0	0	0	1
25270.0	0	1	0	0
25369.0	0	0	0	1
25385.0	0	0	0	1
25551.0	0	1	0	0
25554.0	0	1	0	0
25646.0	0	0	0	1
25830.0	0	1	0	0
25903.0	0	0	0	1
26085.0	0	0	0	1
26111.0	0	1	0	0
26230.0	0	0	0	1
26253.0	0	1	0	0
26417.0	0	1	0	0
26659.0	0	0	0	1
26843.0	0	1	0	0
27017.0	0	0	0	1
27219.0	0	1	0	0
27373.0	0	0	0	1
27374.0	0	0	0	1
27433.0	0	0	0	1
27586.0	0	1	0	0
27590.0	0	1	0	0
27622.0	0	1	0	0
27752.0	0	0	0	1
27986.0	0	1	0	0
28140.0	0	0	0	1
28338.0	0	1	0	0
28477.0	0	0	0	1
28715.0	0	1	0	0
28966.0	0	0	0	1
29137.0	0	0	0	1
29170.0	0	1	0	0
29365.0	0	0	0	1
29398.0	0	1	0	0
29503.0	0	0	0	1
29576.0	0	0	0	1
29578.0	0	0	0	1
29599.0	0	1	0	0
29690.0	0	0	0	1
29726.0	0	1	0	0
29805.0	0	1	0	0
29806.0	0	1	0	0
29916.0	0	1	0	0
30172.0	0	0	0	1
30244.0	0	0	0	1
30332.0	0	0	0	1
30435.0	0	1	0	0
30486.0	0	1	0	0
30517.0	0	0	0	1
30582.0	0	1	0	0
30775.0	0	1	0	0
30780.0	0	0	0	1
31044.0	0	1	0	0
31134.0	0	0	0	1
31382.0	0	0	0	1
31391.0	0	1	0	0
31663.0	0	0	0	1
31667.0	0	1	0	0
31677.0	0	0	0	1
31947.0	0	1	0	0
31973.0	0	1	0	0
32054.0	0	0	0	1
32354.0	0	1	0	0
32994.0	0	0	0	1
33309.0	0	1	0	0
33638.0	0	0	0	1
33710.0	0	0	0	1
33936.0	0	1	0	0
34020.0	0	1	0	0
34426.0	0	0	0	1
34427.0	0	0	0	1
34739.0	0	1	0	0
34753.0	0	1	0	0
35587.0	0	0	0	1
35831.0	0	0	0	1
35914.0	0	1	0	0
36204.0	0	1	0	0
36363.0	0	0	0	1
36438.0	0	0	0	1
36713.0	0	1	0	0
36752.0	0	0	0	1
36761.0	0	0	0	1
36797.0	0	1	0	0
36986.0	0	0	0	1
37101.0	0	1	0	0
37132.0	0	1	0	0
37347.0	0	0	0	1
37353.0	0	1	0	0
37403.0	0	0	0	1
37419.0	0	0	0	1
37715.0	0	1	0	0
37760.0	0	1	0	0
37784.0	0	1	0	0
38780.0	0	0	0	1
39189.0	0	1	0	0
39343.0	0	0	0	1
39371.0	0	0	0	1
39688.0	0	0	0	1
39742.0	0	0	0	1
39766.0	0	1	0	0
39791.0	0	1	0	0
39867.0	0	0	0	1
40126.0	0	1	0	0
40161.0	0	1	0	0
40288.0	0	1	0	0
40486.0	0	0	0	1
40937.0	0	1	0	0
41329.0	0	0	0	1
41371.0	0	0	0	1
41483.0	0	0	0	1
41654.0	0	0	0	1
41744.0	0	0	0	1
41801.0	0	1	0	0
41806.0	0	1	0	0
41980.0	0	1	0	0
41994.0	0	0	0	1
42074.0	0	0	0	1
42114.0	0	1	0	0
42218.0	0	0	0	1
42233.0	0	1	0	0
42469.0	0	1	0	0
42524.0	0	1	0	0
42732.0	0	1	0	0
42834.0	0	0	0	1
43150.0	0	0	0	1
43362.0	0	1	0	0
43673.0	0	1	0	0
44787.0	0	0	0	1
45327.0	0	1	0	0
45509.0	0	0	0	1
45766.0	0	0	0	1
45770.0	0	0	0	1
46026.0	0	0	0	1
46104.0	0	1	0	0
46315.0	0	1	0	0
46326.0	0	1	0	0
46541.0	0	0	0	1
46574.0	0	1	0	0
46875.0	0	0	0	1
47149.0	0	1	0	0
47456.0	0	1	0	0
47891.0	0	0	0	1
48017.0	0	0	0	1
48554.0	0	1	0	0
48676.0	0	1	0	0
49281.0	0	0	0	1
49390.0	0	0	0	1
49832.0	0	0	0	1
49928.0	0	1	0	0
49929.0	0	0	0	1
50033.0	0	1	0	0
50519.0	0	1	0	0
50566.0	0	0	0	1
50611.0	0	1	0	0
50923.0	0	0	0	1
51061.0	0	0	0	1
51268.0	0	1	0	0
51570.0	0	0	0	1
51606.0	0	1	0	0
51723.0	0	0	0	1
51783.0	0	1	0	0
52304.0	0	1	0	0
52455.0	0	1	0	0
52606.0	0	0	0	1
53409.0	0	1	0	0
53680.0	0	0	0	1
54007.0	0	0	0	1
54172.0	0	0	0	1
54404.0	0	0	0	1
54408.0	0	1	0	0
54417.0	0	0	0	1
54753.0	0	1	0	0
54974.0	0	1	0	0
55059.0	0	0	0	1
55226.0	0	1	0	0
55274.0	0	1	0	0
55343.0	0	0	0	1
55569.0	0	0	0	1
55713.0	0	0	0	1
55883.0	0	1	0	0
55966.0	0	0	0	1
56046.0	0	0	0	1
56162.0	0	1	0	0
56171.0	0	0	0	1
56363.0	0	0	0	1
56398.0	0	1	0	0
56574.0	0	1	0	0
56833.0	0	0	0	1
56857.0	0	1	0	0
56891.0	0	1	0	0
57045.0	0	1	0	0
57063.0	0	0	0	1
57258.0	0	1	0	0
57689.0	0	1	0	0
57971.0	0	1	0	0
58383.0	0	0	0	1
58537.0	0	0	0	1
58766.0	0	0	0	1
58952.0	0	0	0	1
59244.0	0	1	0	0
59389.0	0	0	0	1
59459.0	0	1	0	0
59651.0	0	1	0	0
59699.0	0	0	0	1
59711.0	0	0	0	1
59882.0	0	0	0	1
59947.0	0	1	0	0
60356.0	0	0	0	1
60376.0	0	1	0	0
60645.0	0	1	0	0
60675.0	0	1	0	0
60776.0	0	0	0	1
60823.0	0	0	0	1
60829.0	0	1	0	0
60869.0	0	0	0	1
61041.0	0	0	0	1
61261.0	0	0	0	1
61276.0	0	0	0	1
61376.0	0	1	0	0
61785.0	0	1	0	0
61802.0	0	1	0	0
61883.0	0	0	0	1
61895.0	0	1	0	0
62015.0	0	1	0	0
62091.0	0	0	0	1
62209.0	0	0	0	1
62268.0	0	1	0	0
62285.0	0	1	0	0
62311.0	0	0	0	1
62971.0	0	1	0	0
63137.0	0	1	0	0
63267.0	0	1	0	0
63302.0	0	0	0	1
63318.0	0	1	0	0
63950.0	0	0	0	1
64324.0	0	0	0	1
64354.0	0	1	0	0
64378.0	0	0	0	1
64838.0	0	0	0	1
65092.0	0	0	0	1
65136.0	0	1	0	0
65432.0	0	1	0	0
65479.0	0	0	0	1
65507.0	0	1	0	0
65554.0	0	0	0	1
65767.0	0	0	0	1
66002.0	0	0	0	1
66061.0	0	1	0	0
66253.0	0	1	0	0
66595.0	0	0	0	1
66654.0	0	1	0	0
66731.0	0	1	0	0
66734.0	0	0	0	1
66748.0	0	0	0	1
66947.0	0	1	0	0
67188.0	0	1	0	0
67839.0	0	0	0	1
67842.0	0	1	0	0
67854.0	0	0	0	1
67921.0	0	1	0	0
67922.0	0	1	0	0
67991.0	0	0	0	1
68025.0	0	0	0	1
68424.0	0	0	0	1
68781.0	0	0	0	1
69100.0	0	1	0	0
69153.0	0	1	0	0
69239.0	0	1	0	0
69284.0	0	1	0	0
69309.0	0	0	0	1
69448.0	0	0	0	1
69557.0	0	0	0	1
69693.0	0	1	0	0
70033.0	0	0	0	1
70108.0	0	1	0	0
70448.0	0	0	0	1
70550.0	0	1	0	0
70617.0	0	0	0	1
70806.0	0	1	0	0
70910.0	0	1	0	0
71012.0	0	0	0	1
71162.0	0	0	0	1
71366.0	0	1	0	0
71453.0	0	0	0	1
71827.0	0	1	0	0
71973.0	0	0	0	1
72015.0	0	1	0	0
72368.0	0	1	0	0
72550.0	0	1	0	0
72868.0	0	1	0	0
73392.0	0	1	0	0
74064.0	0	0	0	1
74205.0	0	0	0	1
74339.0	0	0	0	1
74665.0	0	0	0	1
74917.0	0	0	0	1
74954.0	0	0	0	1
75527.0	0	1	0	0
75694.0	0	0	0	1
75728.0	0	1	0	0
75802.0	0	1	0	0
75812.0	0	0	0	1
76197.0	0	1	0	0
76199.0	0	0	0	1
76446.0	0	1	0	0
76464.0	0	1	0	0
76976.0	0	0	0	1
77252.0	0	1	0	0
77265.0	0	1	0	0
77462.0	0	0	0	1
77705.0	0	0	0	1
77865.0	0	1	0	0
77877.0	0	0	0	1
78594.0	0	1	0	0
78822.0	0	0	0	1
78878.0	0	0	0	1
79114.0	0	1	0	0
79296.0	0	0	0	1
79414.0	0	1	0	0
79560.0	0	1	0	0
80064.0	0	0	0	1
80535.0	0	1	0	0
80568.0	0	1	0	0
80828.0	0	0	0	1
80908.0	0	0	0	1
81006.0	0	1	0	0
81755.0	0	1	0	0
82489.0	0	0	0	1
82611.0	0	1	0	0
82621.0	0	1	0	0
84446.0	0	1	0	0
84849.0	0	0	0	1
84964.0	0	0	0	1
85229.0	0	0	0	1
86307.0	0	0	0	1
86689.0	0	0	0	1
86827.0	0	0	0	1
86842.0	0	0	0	1
86865.0	0	1	0	0
86939.0	0	1	0	0
87249.0	0	1	0	0
87561.0	0	0	0	1
87718.0	0	0	0	1
87738.0	0	0	0	1
88033.0	0	0	0	1
88236.0	0	0	0	1
88258.0	0	0	0	1
88322.0	0	1	0	0
88727.0	0	0	0	1
88733.0	0	1	0	0
88856.0	0	1	0	0
88912.0	0	1	0	0
89112.0	0	0	0	1
89687.0	0	1	0	0
89771.0	0	1	0	0
89868.0	0	1	0	0
90189.0	0	1	0	0
90242.0	0	0	0	1
90389.0	0	1	0	0
90391.0	0	1	0	0
90821.0	0	1	0	0
91211.0	0	1	0	0
92259.0	0	0	0	1
92518.0	0	1	0	0
94283.0	0	0	0	1
94632.0	0	1	0	0
94691.0	0	0	0	1
95405.0	0	0	0	1
95861.0	0	0	0	1
95977.0	0	0	0	1
96120.0	0	0	0	1
96189.0	0	0	0	1
96462.0	0	0	0	1
96465.0	0	0	0	1
96756.0	0	1	0	0
97191.0	0	1	0	0
97999.0	0	1	0	0
98350.0	0	0	0	1
98424.0	0	1	0	0
98427.0	0	1	0	0
98618.0	0	1	0	0
98730.0	0	1	0	0
99015.0	0	1	0	0
99023.0	0	1	0	0
99575.0	0	0	0	1
100161.0	0	0	0	1
100291.0	0	0	0	1
100836.0	0	0	0	1
101116.0	0	1	0	0
101661.0	0	0	0	1
102199.0	0	1	0	0
102452.0	0	0	0	1
102570.0	0	0	0	1
102976.0	0	1	0	0
103114.0	0	1	0	0
103201.0	0	0	0	1
103634.0	0	1	0	0
104467.0	0	1	0	0
104823.0	0	0	0	1
105403.0	0	1	0	0
105435.0	0	1	0	0
105707.0	0	0	0	1
106174.0	0	1	0	0
106841.0	0	0	0	1
107690.0	0	0	0	1
107814.0	0	1	0	0
108794.0	0	0	0	1
108874.0	0	1	0	0
109211.0	0	0	0	1
109872.0	0	0	0	1
110044.0	0	1	0	0
110301.0	0	0	0	1
110302.0	0	0	0	1
110958.0	0	1	0	0
111580.0	0	0	0	1
111692.0	0	0	0	1
111931.0	0	0	0	1
112026.0	0	0	0	1
112057.0	0	1	0	0
112492.0	0	1	0	0
112803.0	0	0	0	1
113249.0	0	0	0	1
113261.0	0	1	0	0
113655.0	0	1	0	0
113722.0	0	1	0	0
114299.0	0	0	0	1
114901.0	0	1	0	0
115149.0	0	1	0	0
115316.0	0	1	0	0
115509.0	0	1	0	0
116154.0	0	0	0	1
116235.0	0	0	0	1
116296.0	0	0	0	1
116326.0	0	1	0	0
116487.0	0	0	0	1
116609.0	0	0	0	1
116789.0	0	0	0	1
116827.0	0	1	0	0
117857.0	0	0	0	1
118013.0	0	1	0	0
119379.0	0	0	0	1
119550.0	0	0	0	1
119805.0	0	1	0	0
119902.0	0	1	0	0
119962.0	0	0	0	1
119978.0	0	1	0	0
120274.0	0	1	0	0
120422.0	0	1	0	0
120576.0	0	1	0	0
121442.0	0	0	0	1
121703.0	0	1	0	0
122850.0	0	0	0	1
123309.0	0	1	0	0
123490.0	0	1	0	0
124027.0	0	1	0	0
124973.0	0	0	0	1
125172.0	0	0	0	1
125422.0	0	1	0	0
125497.0	0	0	0	1
126475.0	0	0	0	1
126965.0	0	0	0	1
127145.0	0	1	0	0
128064.0	0	0	0	1
128078.0	0	0	0	1
128466.0	0	0	0	1
128740.0	0	0	0	1
128955.0	0	0	0	1
129206.0	0	1	0	0
129452.0	0	1	0	0
129806.0	0	1	0	0
131036.0	0	1	0	0
131504.0	0	1	0	0
131768.0	0	0	0	1
132659.0	0	1	0	0
132672.0	0	1	0	0
133072.0	0	1	0	0
133331.0	0	1	0	0
133523.0	0	1	0	0
133531.0	0	0	0	1
136629.0	0	1	0	0
137651.0	0	0	0	1
137858.0	0	0	0	1
138340.0	0	1	0	0
139247.0	0	0	0	1
140118.0	0	0	0	1
140898.0	0	0	0	1
140987.0	0	0	0	1
141099.0	0	0	0	1
142817.0	0	0	0	1
142908.0	0	1	0	0
143173.0	0	1	0	0
143857.0	0	0	0	1
144493.0	0	0	0	1
144612.0	0	1	0	0
145568.0	0	0	0	1
145584.0	0	1	0	0
146375.0	0	1	0	0
146541.0	0	1	0	0
146700.0	0	1	0	0
147519.0	0	0	0	1
148412.0	0	0	0	1
148537.0	0	1	0	0
149623.0	0	1	0	0
150351.0	0	1	0	0
150400.0	0	0	0	1
150480.0	0	0	0	1
151464.0	0	1	0	0
151737.0	0	0	0	1
151873.0	0	0	0	1
152329.0	0	0	0	1
152785.0	0	0	0	1
152819.0	0	0	0	1
153658.0	0	1	0	0
154624.0	0	1	0	0
155605.0	0	0	0	1
156730.0	0	1	0	0
156781.0	0	1	0	0
158150.0	0	1	0	0
158376.0	0	1	0	0
158758.0	0	1	0	0
159014.0	0	0	0	1
159324.0	0	1	0	0
159421.0	0	1	0	0
160868.0	0	0	0	1
161145.0	0	0	0	1
161890.0	0	0	0	1
162614.0	0	1	0	0
163883.0	0	0	0	1
164711.0	0	0	0	1
165993.0	0	1	0	0
166008.0	0	0	0	1
166121.0	0	0	0	1
166601.0	0	0	0	1
166867.0	0	0	0	1
168130.0	0	1	0	0
168587.0	0	1	0	0
169404.0	0	1	0	0
170031.0	0	0	0	1
171315.0	0	0	0	1
171595.0	0	1	0	0
172521.0	0	1	0	0
172630.0	0	0	0	1
172644.0	0	0	0	1
173775.0	0	0	0	1
173780.0	0	1	0	0
173848.0	0	1	0	0
174211.0	0	0	0	1
174515.0	0	1	0	0
174715.0	0	1	0	0
176613.0	0	0	0	1
178211.0	0	1	0	0
179765.0	0	0	0	1
179779.0	0	1	0	0
181085.0	0	1	0	0
181139.0	0	1	0	0
181279.0	0	0	0	1
181691.0	0	0	0	1
182211.0	0	1	0	0
183038.0	0	1	0	0
185465.0	0	1	0	0
188936.0	0	1	0	0
190673.0	0	0	0	1
190736.0	0	1	0	0
191160.0	0	1	0	0
191968.0	0	0	0	1
192742.0	0	0	0	1
192894.0	0	0	0	1
194008.0	0	0	0	1
195231.0	0	0	0	1
195449.0	0	0	0	1
197527.0	0	0	0	1
197694.0	0	0	0	1
200661.0	0	0	0	1
201104.0	0	1	0	0
201385.0	0	0	0	1
201480.0	0	0	0	1
201743.0	0	0	0	1
201758.0	0	0	0	1
202678.0	0	1	0	0
203043.0	0	0	0	1
203333.0	0	0	0	1
203489.0	0	1	0	0
203494.0	0	1	0	0
204253.0	0	0	0	1
204717.0	0	1	0	0
204924.0	0	0	0	1
204974.0	0	0	0	1
206437.0	0	1	0	0
206645.0	0	1	0	0
208199.0	0	0	0	1
208653.0	0	1	0	0
209084.0	0	1	0	0
212386.0	0	1	0	0
212883.0	0	0	0	1
213134.0	0	1	0	0
213204.0	0	1	0	0
213397.0	0	1	0	0
213608.0	0	1	0	0
214087.0	0	0	0	1
214773.0	0	1	0	0
215080.0	0	1	0	0
215255.0	0	0	0	1
216392.0	0	1	0	0
216864.0	0	1	0	0
217093.0	0	1	0	0
217464.0	0	0	0	1
219408.0	0	0	0	1
220556.0	0	1	0	0
226046.0	0	1	0	0
227003.0	0	0	0	1
227105.0	0	0	0	1
227360.0	0	1	0	0
228900.0	0	1	0	0
229594.0	0	0	0	1
229699.0	0	0	0	1
231118.0	0	0	0	1
231338.0	0	1	0	0
231759.0	0	0	0	1
233553.0	0	1	0	0
233762.0	0	0	0	1
234706.0	0	0	0	1
236845.0	0	0	0	1
236872.0	0	0	0	1
237532.0	0	0	0	1
239006.0	0	0	0	1
242013.0	0	1	0	0
242066.0	0	1	0	0
242149.0	0	0	0	1
242946.0	0	0	0	1
244590.0	0	0	0	1
244895.0	0	1	0	0
245056.0	0	1	0	0
246788.0	0	1	0	0
246802.0	0	0	0	1
247634.0	0	1	0	0
248493.0	0	0	0	1
249629.0	0	1	0	0
250805.0	0	1	0	0
252956.0	0	1	0	0
253288.0	0	1	0	0
253948.0	0	1	0	0
255888.0	0	1	0	0
258770.0	0	0	0	1
259101.0	0	1	0	0
260248.0	0	1	0	0
260880.0	0	0	0	1
261127.0	0	0	0	1
261801.0	0	1	0	0
264671.0	0	1	0	0
265749.0	0	0	0	1
266143.0	0	0	0	1
266734.0	0	1	0	0
268526.0	0	0	0	1
268629.0	0	0	0	1
272017.0	0	0	0	1
278916.0	0	1	0	0
280858.0	0	1	0	0
281361.0	0	1	0	0
286550.0	0	1	0	0
287342.0	0	1	0	0
290210.0	0	1	0	0
290304.0	0	1	0	0
293889.0	0	1	0	0
305085.0	0	1	0	1
309964.0	0	1	0	1
310530.0	0	1	0	1
313899.0	0	1	0	1
314703.0	0	1	0	1
315386.0	0	1	0	1
317596.0	0	1	0	1
323735.0	0	1	0	1
324401.0	0	1	0	1
326174.0	0	1	0	1
328240.0	0	1	0	1
331877.0	0	1	0	1
341173.0	0	1	0	1
341775.0	0	1	0	1
342707.0	0	1	0	1
344495.0	0	1	0	1
345220.0	0	1	0	1
352703.0	0	1	0	1
354677.0	0	1	0	1
357094.0	0	1	0	1
361535.0	0	1	0	1
363378.0	0	1	0	1
365312.0	0	1	0	1
365785.0	0	1	0	1
375628.0	0	1	0	1
376764.0	0	1	0	1
386655.0	0	1	0	1
389293.0	0	1	0	1
403858.0	0	1	0	1
405150.0	0	1	0	1
407026.0	0	1	0	1
412014.0	0	1	0	1
427716.0	0	1	0	1
431740.0	0	1	0	1
451001.0	0	1	0	1
451832.0	0	1	0	1
455089.0	0	1	0	1
467879.0	0	1	0	1
486820.0	0	1	0	1
489270.0	0	1	0	1
492357.0	0	1	0	1
496917.0	0	1	0	1
504569.0	0	1	0	1
515912.0	0	1	0	1
541423.0	0	1	0	1
575507.0	0	1	0	1
585561.0	0	1	0	1
648749.0	0	1	0	1
666867.0	0	1	0	1
673163.0	0	1	0	1
684172.0	0	1	0	1
695061.0	0	1	0	1
1186607.0	0	1	0	1
1643069.0	0	1	0	1

